[hier,33.285714285714285,31.285714285714285,-19.571428571428573,-44.57142857142857]
[2020,24.857142857142858,-3.5714285714285716,-18.428571428571427,-3.0]
[»,23.714285714285715,2.2857142857142856,-2.2857142857142856,-23.428571428571427]
[vote,9.571428571428571,-1.4285714285714286,-36.857142857142854,28.571428571428573]
[nuit,-1.8571428571428572,-21.857142857142858,-10.857142857142858,34.42857142857143]
[soir,-7.571428571428571,-7.571428571428571,22.714285714285715,-7.714285714285714]
[macron,47.142857142857146,2.857142857142857,-16.285714285714285,-33.857142857142854]
[demain,-9.571428571428571,-31.571428571428573,19.142857142857142,22.0]
[couple,-6.0,-12.0,22.428571428571427,-4.285714285714286]
[soirée,-6.714285714285714,-24.142857142857142,24.857142857142858,5.571428571428571]
[jours,21.428571428571427,2.2857142857142856,-6.142857142857143,-17.285714285714285]
[février,37.714285714285715,7.0,-14.714285714285714,-29.857142857142858]
[in,14.428571428571429,-6.142857142857143,-31.857142857142858,23.428571428571427]
[&gt,-8.857142857142858,-22.857142857142858,-5.857142857142857,37.285714285714285]
[jouer,-1.2857142857142858,20.285714285714285,1.4285714285714286,-20.142857142857142]
[dormir,-6.0,-35.857142857142854,-15.0,56.42857142857143]
[jeu,-1.5714285714285714,22.571428571428573,1.7142857142857142,-22.428571428571427]
[matin,41.57142857142857,-3.5714285714285716,-10.571428571428571,-27.428571428571427]
[prof,-1.0,8.714285714285714,21.142857142857142,-28.714285714285715]
[con,1.2857142857142858,-10.571428571428571,-12.857142857142858,22.285714285714285]
[gauche,26.428571428571427,1.2857142857142858,-10.571428571428571,-17.285714285714285]
[france,20.857142857142858,5.0,-7.428571428571429,-18.571428571428573]
[match,-25.714285714285715,2.142857142857143,26.285714285714285,-2.5714285714285716]
[anniversaire,17.714285714285715,-5.0,-37.714285714285715,24.857142857142858]
[potes,-23.285714285714285,-6.571428571428571,22.142857142857142,7.571428571428571]
[the,-17.0,-8.857142857142858,-12.571428571428571,38.857142857142854]
[«,25.285714285714285,6.857142857142857,-7.571428571428571,-24.857142857142858]
[date,-6.0,28.714285714285715,-3.142857142857143,-19.714285714285715]
[follow,2.0,30.0,3.857142857142857,-36.42857142857143]
[of,-20.0,-4.0,-5.428571428571429,29.0]
[booba,7.142857142857143,-22.142857142857142,-10.428571428571429,25.285714285714285]
[journée,56.857142857142854,-3.0,-18.142857142857142,-35.714285714285715]
[le…,24.714285714285715,5.714285714285714,-4.142857142857143,-26.285714285714285]
[vue,2.4285714285714284,21.0,-10.0,-13.285714285714286]
[bg,-30.142857142857142,-5.142857142857143,28.714285714285715,6.428571428571429]
[fini,-1.7142857142857142,-18.571428571428573,-2.0,22.0]
[wesh,0.7142857142857143,-20.142857142857142,-11.0,30.571428571428573]
[000,22.428571428571427,3.7142857142857144,-6.142857142857143,-19.714285714285715]
[bonjour,80.0,7.285714285714286,-45.714285714285715,-41.57142857142857]
[enfants,23.714285714285715,5.714285714285714,-10.142857142857142,-19.142857142857142]
